0 STARLINK-4002
1 52612U 22052Q   22144.58334491 -.00000160  00000-0  32749-5 0  9995
2 52612  53.2173  31.3763 0001179 114.3185 205.3528 15.73203954  1301
0 STARLINK-3921
1 52613U 22052R   22144.58334491 -.00000245  00000-0  26731-5 0  9994
2 52613  53.2173  31.3708 0001202 113.2986 208.7573 15.73203926  1301
0 STARLINK-3982
1 52614U 22052S   22144.58334491 -.00000076  00000-0  38724-5 0  9992
2 52614  53.2173  31.3725 0001139 107.1188 214.3410 15.73203847  1301
0 STARLINK-4011
1 52615U 22052T   22144.58334491 -.00000046  00000-0  40899-5 0  9996
2 52615  53.2173  31.3670 0001208 115.7691 208.0751 15.73203810  1300
0 STARLINK-4015
1 52616U 22052U   22144.58334491 -.00000089  00000-0  37786-5 0  9995
2 52616  53.2173  31.3699 0001172 110.6281 212.0238 15.73203849  1308
0 STARLINK-3996
1 52617U 22052V   22144.58334491 -.00000124  00000-0  35337-5 0  9996
2 52617  53.2173  31.3633 0001169 109.9930 215.6395 15.73203852  1302
0 STARLINK-3983
1 52618U 22052W   22144.58334491 -.00000223  00000-0  28260-5 0  9994
2 52618  53.2173  31.3686 0001162 109.8743 213.3738 15.73203911  1307
0 STARLINK-3741
1 52619U 22052X   22144.58334491 -.00000296  00000-0  23032-5 0  9997
2 52619  53.2173  31.3620 0001124 100.1137 226.1150 15.73203929  1304
0 STARLINK-3975
1 52620U 22052Y   22144.58334491 -.00000232  00000-0  27652-5 0  9991
2 52620  53.2173  31.3660 0001168 110.5984 213.8419 15.73203895  1306
0 STARLINK-3984
1 52621U 22052Z   22144.58334491 -.00000170  00000-0  32013-5 0  9990
2 52621  53.2172  31.3583 0001146 105.9180 222.0990 15.73203839  1306
0 STARLINK-4008
1 52622U 22052AA  22144.58334491 -.00000264  00000-0  25362-5 0  9994
2 52622  53.2172  31.3648 0001161 108.1284 216.9080 15.73203905  1302
0 STARLINK-3986
1 52623U 22052AB  22144.58334491  .00000204  00000-0  58702-5 0  9992
2 52623  53.2173  31.3558 0001164 109.6159 219.5934 15.73203591  1302
0 STARLINK-4009
1 52624U 22052AC  22144.58334491 -.00000288  00000-0  23611-5 0  9997
2 52624  53.2173  31.3611 0001191 111.3734 215.4513 15.73203922  1308
0 STARLINK-3988
1 52625U 22052AD  22144.58334491  .00000444  00000-0  75753-5 0  9995
2 52625  53.2172  31.3545 0001146 106.5983 223.2072 15.73203425  1301
0 STARLINK-3990
1 52626U 22052AE  22144.58334491 -.00000243  00000-0  26849-5 0  9996
2 52626  53.2173  31.3598 0001154 106.7030 220.7178 15.73203893  1303
0 STARLINK-3992
1 52627U 22052AF  22144.58334491  .00001407  00000-0  14436-4 0  9997
2 52627  53.2172  31.3507 0001190 110.7079 220.8863 15.73202733  1305
0 STARLINK-4001
1 52628U 22052AG  22144.58334491 -.00000008  00000-0  43598-5 0  9997
2 52628  53.2172  31.3572 0001206 115.4293 213.1839 15.73203734  1306
0 STARLINK-4022
1 52629U 22052AH  22144.58334491  .00001462  00000-0  14828-4 0  9995
2 52629  53.2172  31.3495 0001134 104.9277 227.2627 15.73202658  1301
0 STARLINK-3989
1 52630U 22052AJ  22144.58334491  .00000945  00000-0  11145-4 0  9991
2 52630  53.2173  31.3536 0001184 113.6975 216.7043 15.73203124  1301
0 STARLINK-3794
1 52631U 22052AK  22144.58334491  .00000513  00000-0  80705-5 0  9992
2 52631  53.2172  31.3470 0001139 103.4835 229.8990 15.73203123  1305
0 STARLINK-3995
1 52632U 22052AL  22144.58334491  .00001194  00000-0  12923-4 0  9995
2 52632  53.2172  31.3523 0001175 110.9044 220.0936 15.73202931  1309
0 STARLINK-3994
1 52633U 22052AM  22144.58334491 -.00006093  00000-0 -39013-4 0  9990
2 52633  53.2172  31.3433 0001211 113.0991 222.0702 15.73206969  1304
0 STARLINK-3974
1 52634U 22052AN  22144.58334491  .00001185  00000-0  12857-4 0  9993
2 52634  53.2172  31.3486 0001134 107.4099 225.3766 15.73202795  1302
0 STARLINK-3978
1 52635U 22052AP  22144.58334491 -.00017292  00000-0 -11897-3 0  9994
2 52635  53.2173  31.3408 0001181 109.0060 227.3524 15.73213747  1309
0 STARLINK-3967
1 52636U 22052AQ  22144.58334491 -.00000798  00000-0 -12723-5 0  9999
2 52636  53.2172  31.3461 0001140 107.9420 226.0364 15.73203886  1301
0 STARLINK-3961
1 52637U 22052AR  22144.58334491 -.00025072  00000-0 -17462-3 0  9995
2 52637  53.2172  31.3395 0001171 104.1321 232.8202 15.73218540  1300
0 STARLINK-3941
1 52638U 22052AS  22144.58334491 -.00003278  00000-0 -18945-4 0  9998
2 52638  53.2172  31.3448 0001153 109.8917 224.6822 15.73205329  1301
0 STARLINK-3968
1 52639U 22052AT  22144.58334491 -.00060486  00000-0 -42890-3 0  9998
2 52639  53.2173  31.3358 0001183 109.9244 228.8051 15.73240994  1307
0 STARLINK-3977
1 52640U 22052AU  22144.58334491 -.00012035  00000-0 -81420-4 0  9990
2 52640  53.2173  31.3423 0001139 100.3719 235.3918 15.73210529  1301
0 STARLINK-3991
1 52641U 22052AV  22144.58334491 -.00076331  00000-0 -54319-3 0  9996
2 52641  53.2173  31.3345 0001258 114.9152 224.4053 15.73251206  1305
0 STARLINK-3971
1 52642U 22052AW  22144.58334491 -.00035193  00000-0 -24712-3 0  9992
2 52642  53.2172  31.3386 0001179 109.4024 228.1428 15.73224901  1308
0 STARLINK-3963
1 52643U 22052AX  22144.58334491 -.00144840  00000-0 -10411-2 0  9993
2 52643  53.2172  31.3307 0001180 106.4645 234.6203 15.73296865  1301
0 STARLINK-3985
1 52644U 22052AY  22144.58334491 -.00048470  00000-0 -34244-3 0  9997
2 52644  53.2172  31.3373 0001189 110.3233 227.8139 15.73233302  1300
0 STARLINK-3973
1 52645U 22052AZ  22144.58334491 -.00169952  00000-0 -12251-2 0  9990
2 52645  53.2172  31.3294 0001210 108.6200 233.0516 15.73314115  1302
0 STARLINK-3832
1 52646U 22052BA  22144.58334491 -.00094549  00000-0 -67501-3 0  9999
2 52646  53.2172  31.3335 0001225 113.6679 226.2424 15.73263171  1308
0 STARLINK-3846
1 52647U 22052BB  22144.58334491 -.00227253  00000-0 -16479-2 0  9997
2 52647  53.2172  31.3269 0001233 113.7200 229.1213 15.73354538  1301
0 STARLINK-3854
1 52648U 22052BC  22144.58334491 -.00116746  00000-0 -83619-3 0  9993
2 52648  53.2172  31.3324 0001256 114.8870 225.6118 15.73277886  1309
0 STARLINK-3868
1 52649U 22052BD  22144.58334491 -.00189691  00000-0 -13703-2 0  9999
2 52649  53.2172  31.3281 0001145  93.9208 248.3394 15.73327860  1307
0 STARLINK-3891
1 52650U 22052BE  22144.58334491 -.00256406  00000-0 -18646-2 0  9991
2 52650  53.2172  31.3262 0001163 104.2473 239.1779 15.73375669  1303
0 CST 100 STARLINER 2
1 52715U 22055A   22143.57912155  .00010717  00000-0  19800-3 0  9998
2 52715  51.6434  98.4640 0005026 147.1299   4.6316 15.49630252341366