1 00005U 58002B   22141.86853856  .00000472  00000-0  57066-3 0  9999
2 00005  34.2573 221.3460 1847596 277.8526  61.7335 10.84947436281659
1 00005U 58002B   22142.51306607  .00000464  00000-0  56095-3 0  9991
2 00005  34.2571 219.3606 1847571 280.7514  59.1384 10.84947992281729
1 00011U 59001A   22141.73297218  .00000727  00000-0  36467-3 0  9991
2 00011  32.8793 294.4178 1467334 262.5378  80.6690 11.86118149358489
1    11U 59001A   22142.49075188  .00000721  00000-0  36169-3 0  9998
2    11  32.8792 291.5713 1467322 266.8164  76.4117 11.86119244700315
1 00012U 59001B   22141.87507751  .00000610  00000-0  34718-3 0  9991
2 00012  32.9030  49.4132 1665116 174.8403 187.1916 11.44663692360574
1 00012U 59001B   22142.04949432  .00000606  00000-0  34505-3 0  9996
2 00012  32.9032  48.8025 1665119 175.7580 185.9269 11.44663898360596
1 00016U 58002A   22141.71815814  .00000096  00000-0  12518-3 0  9992
2 00016  34.2723 283.9538 2025968 323.1090  24.5588 10.48823238532672
1 00016U 58002A   22142.38505723  .00000087  00000-0  11421-3 0  9993
2 00016  34.2717 282.0278 2025938 325.9219  22.6121 10.48823299532743
1 00020U 59007A   22141.80702345  .00000819  00000-0  34038-3 0  9991
2 00020  33.3396 195.7192 1664207  38.7470 332.1439 11.56201138312009
1 00020U 59007A   22142.15265202  .00000794  00000-0  33062-3 0  9994
2 00020  33.3395 194.4866 1664207  40.5828 330.7612 11.56201496312048
1    20U 59007A   22142.84390154  .00000791  00000-0  32977-3 0  9996
2    20  33.3394 192.0213 1664220  44.2542 327.9699 11.56202714312155
1 00022U 59009A   22141.91246374  .00008561  00000-0  63398-3 0  9995
2 00022  50.2830  38.8244 0135399  68.6427 292.8910 14.96812415575656
1    22U 59009A   22142.11274917  .00007813  00000-0  58064-3 0  9995
2    22  50.2831  37.8823 0135393  69.4135 292.1277 14.96814041330642
1 00022U 59009A   22142.31303366  .00007799  00000-0  57962-3 0  9997
2 00022  50.2830  36.9401 0135377  70.1816 291.3668 14.96817411575718
1 00029U 60002B   22141.62262641  .00000649  00000-0  12672-3 0  9998
2 00029  48.3792 229.6975 0023925 359.6924   0.3969 14.74630544322300
1 00029U 60002B   22142.50349597  .00000624  00000-0  12298-3 0  9999
2 00029  48.3791 225.5387 0023891   3.4497 356.6576 14.74631959322438
1    29U 60002B   22142.50349597  .00000624  00000-0  12298-3 0  9999
2    29  48.3791 225.5387 0023891   3.4497 356.6576 14.74631959322551