1 81036U          22144.12455882 +.00004659 +00000+0 +87330-2 0  9992
2 81036  65.9774  87.7492 2714945 124.8834 263.8148  9.15358819282853
1 81037U          22140.03115873 +.00024541 +00000+0 +17515-2 0  9992
2 81037  62.1988 147.1675 0245655  96.6353 266.2754 14.83317911 15056
1 81052U          22143.04140129 +.00003310 +00000+0 +10465-2 0  9993
2 81052  65.7846   9.2736 0647634 214.0927 141.6902 13.61834171422147
1 81069U          22143.95951035 +.00003591 +00000+0 +58051-2 0  9991
2 81069 100.3326 332.5889 0067365 330.8696  28.8684 13.48158606340208
1 81073U          22141.70177964 +.00027791 +00000+0 +41214-1 0  9998
2 81073  61.6685 274.1827 4693988 227.9953  81.3245  5.87021181524173
1 81078U          22143.04897514 +.00000173 +00000+0 +63636-2 0  9990
2 81078  65.1108 154.8391 0202449 287.4172 103.4438 11.21831710348799
1 81111U          22144.08248961 +.00044065 +00000+0 +42144-2 0  9998
2 81111  62.8228  68.5892 4389202 307.4501  20.1500  6.70364149178901
1 81122U          22136.17252831 +.00008255 +00000+0 +34283-2 0  9998
2 81122  97.6372 110.5345 0261130 255.6823 101.5230 14.09882544390103
1 81123U 70025    22144.19628079 +.00001070 +00000+0 +11200-2 0  9997
2 81123 100.0422 135.8719 0003710 145.0224 215.1169 13.77741079880668
1 81134U          22144.27059542 +.00000255 +00000+0 +91509-3 0  9992
2 81134  90.2717 333.6390 0023586 178.3809 181.7390 12.92387544294854
1 81161U          22142.41641076 +.00000773 +00000+0 +89687-3 0  9994
2 81161 100.3851 216.5438 0062948 325.3381  34.3668 13.71922940377645
1 81219U 81053    22143.60702565 +.00000559 +00000+0 +52430-3 0  9996
2 81219  82.9275 260.0599 0020209 271.0547  88.8296 13.79863361428244
1 81221U          22143.58846460 +.00003024 +00000+0 +13949-2 0  9993
2 81221  98.8713  83.1447 0114883 136.2872 224.7471 14.18308634339654
1 81228U          22142.70719434 +.00004438 +00000+0 +19791-2 0  9994
2 81228  70.5320 257.9878 0094314 113.5261 247.5806 14.20962553440362
1 81247U 81053    22141.48601114 +.00016549 +00000+0 +40823-2 0  9997
2 81247  83.2438 221.7056 0025462 328.9440  31.0252 14.51853342447233
1 81254U 70025    22144.50382527 +.00000861 +00000+0 +68643-3 0  9993
2 81254 100.3807  25.3091 0080154 242.4577 116.8418 13.93011765972665
1 81264U          22143.24133593 +.00007658 +00000+0 +14506-2 0  9996
2 81264  99.4478 148.6555 0098770 332.5318  27.0678 14.61532203418857
1 81279U          22142.13455650 +.00002046 +00000+0 +86466-3 0  9991
2 81279  98.1052 293.1708 0222151 214.5723 144.0837 14.14117047278432
1 81301U          22143.78705955 +.00000207 +00000+0 +28343-3 0  9992
2 81301  66.7568 154.9491 0088117  19.2544 152.3215 13.75545645427632
1 81311U 90105    22143.16491978 +.00000813 +00000+0 +18423-3 0  9998
2 81311  98.7749 118.1718 0139348 118.2007 257.1532 14.53270980450647
1 81317U 80089    22144.46261999 +.00000191 +00000+0 +42731-3 0  9994
2 81317  67.1356 153.0122 0219076 221.8676 302.0305 13.37186933415008
1 81323U          22144.63774059 +.00005085 +00000+0 +99546-3 0  9994
2 81323  65.7771 282.0826 0504973 268.9053  85.4155 14.05266654928771
1 81329U          22144.15981479 +.00001699 +00000+0 +62516-3 0  9997
2 81329  65.8212 196.7665 0881764 254.4883 133.9175 13.13332746445057
1 81341U          22144.07435126 +.00004909 +00000+0 +12429-1 0  9998
2 81341  99.4778 244.7244 0445269 196.1505 162.5004 12.88783535355659
1 81342U          22141.46656992 +.00004634 +00000+0 +26388-2 0  9990
2 81342  70.8996 166.6190 0158795 153.6961 207.2332 14.04100193434243
1 81343U          22144.06972917 +.00002802 +00000+0 +31750-3 0  9993
2 81343  85.8786 161.5684 0010034 195.1433 164.9492 14.85995401260546
1 81357U          22144.60974020 +.00016063 +00000+0 +14221-2 0  9992
2 81357  97.4873  27.5393 0190646  63.0458 299.0089 14.83365373342228
1 81359U          22143.59945436 +.00000828 +00000+0 +89372-3 0  9992
2 81359  66.7998 271.6581 0112593 131.1040 229.9820 13.75469746426617
1 81366U          22143.03057222 +.00000654 +00000+0 +25766-3 0  9990
2 81366  65.8843 252.5146 0746750 343.7930  14.0343 13.39304327891810
1 81371U          22144.19073049 +.00003486 +00000+0 +72465-3 0  9993
2 81371  98.8877 127.6132 0088149  40.6768 320.0969 14.58386098451924
1 81374U          22141.65869527 +.00012815 +00000+0 +42217-2 0  9995
2 81374  65.7320 287.9295 0033216 129.0801 231.3256 14.38034156396348
1 81380U          22144.04551960 +.00009826 +00000+0 +30041-2 0  9997
2 81380  99.8532  58.9899 0000538 355.9268   4.1913 14.42059050430836
1 81386U          22141.56009717 +.00003535 +00000+0 +16385-2 0  9991
2 81386  71.0558 248.4962 0119905 310.3216  48.7480 14.17672144438856
1 81390U          22144.62091567 +.00000662 +00000+0 +54259-2 0  9990
2 81390 103.1045 290.1373 0176411 249.5520 108.6516 12.34689754339808
1 81391U          22132.84203609 +.00003019 +00000+0 +13307-2 0  9992
2 81391  81.2064 183.0719 0010713 301.5019  58.5112 14.23164102394243
1 81392U          22142.84729378 +.00002754 +00000+0 +32089-2 0  9993
2 81392 100.4013 358.7156 0050897  71.3752 357.2040 13.69135499423597
1 81402U          22144.32876005 +.00008059 +00000+0 +31250-2 0  9993
2 81402  98.7086 172.2107 0002282 334.4171  25.6898 14.30211952260017
1 81405U          22142.78052042 +.00001908 +00000+0 +15887-2 0  9995
2 81405  99.5569 153.9978 0170621  76.0526 285.9537 13.83323126381742
1 81406U          22143.81417427 +.00000415 +00000+0 +20932-3 0  9993
2 81406  65.8124 178.5661 0888903 173.8459 187.4420 13.05256737363764
1 81409U 87068    22142.21634769 +.00010159 +00000+0 +35745-2 0  9991
2 81409  82.6645 217.7149 0062036  78.1083 282.7052 14.33707665442389
1 81418U          22143.34440327 +.00001585 +00000+0 +31738-2 0  9993
2 81418 100.3032 285.0418 0063616 152.6459 207.8037 13.35485042225501
1 81425U          22143.49819925 +.00006337 +00000+0 +74610-2 0  9997
2 81425  99.4468 231.4165 0088905 210.0396 149.5632 13.66674010264056
1 81427U          22144.48879928 +.00000605 +00000+0 +39856-3 0  9994
2 81427  98.8630  47.5676 0089802  76.4614 284.6539 14.03561371369453
1 81438U          22144.19034775 +.00002478 +00000+0 +41724-2 0  9993
2 81438 100.3001 316.5448 0051709 354.2813   5.7721 13.46291483416712
1 81439U          22143.25195520 +.00000319 +00000+0 +10192-2 0  9993
2 81439  67.1591 131.7730 0613578 283.7766  69.5718 12.61484303 97922
1 81449U 85042    22143.50131178 +.00006928 +00000+0 +23271-2 0  9994
2 81449  66.8067 282.5910 0044348  48.4567 312.0326 14.37130864444405
1 81478U          22144.62903830 +.00002615 +00000+0 +11847-2 0  9998
2 81478  99.0527  17.7923 0171626 112.9219 305.8755 14.15282778438620
1 81488U 75052    22143.76241631 +.00000254 +00000+0 +43091-3 0  9990
2 81488 100.1318 332.0185 0044314 335.2982  38.5493 13.55554711420583
1 81497U          22142.14337495 +.00004063 +00000+0 +47844-2 0  9997
2 81497 100.3092 274.6722 0032781  80.2404  95.0254 13.68427559 37482
1 81499U          22144.30847307 +.00002354 +00000+0 +80528-3 0  9995
2 81499  74.0544 102.5895 0002022 158.9267 201.1970 14.36837413295366
1 81509U          22142.45347452 +.00066271 +00000+0 +10757-1 0  9990
2 81509  98.7087 326.4101 0013755 252.6094 107.3606 14.70736276275527
1 81521U          22144.28219330 +.00018525 +00000+0 +33185-2 0  9990
2 81521  99.6899 335.4536 0014595  62.2942 112.4486 14.66793855451142
1 81535U          22144.29830921 +.00000795 +00000+0 +37141-3 0  9998
2 81535  98.1127 327.3979 0250026 290.7160  66.7378 14.07759117204388
1 81536U 73086    22144.02110734 +.00000497 +00000+0 +33861-2 0  9990
2 81536 102.0528 330.2806 0026458 219.3754 294.1127 12.54102947388900
1 81537U 93016    22143.59646849 +.00000349 +00000+0 +23533-3 0  9990
2 81537  71.0399 273.5361 0080127 307.2901  52.0930 14.05723050437811
1 81546U          22143.69474039 +.00033250 +00000+0 +31758-2 0  9996
2 81546  66.8067 291.1073 0022685 309.4559  50.4564 14.92939941936294
1 81552U          22144.21562923 +.00001261 +00000+0 +28636-2 0  9990
2 81552  99.0785 238.6466 0265959 247.1561 110.1271 13.15890633408349
1 81564U          22143.91188865 +.00007231 +00000+0 +30411-2 0  9995
2 81564  81.1841 217.7386 0038582 171.3176 188.8680 14.25317953380588
1 81569U 95015    22144.09135970 -.00000114 +00000+0 -10198-2 0  9994
2 81569  28.0762 301.8206 0313782  39.5615 322.7368 12.46187869390701
1 81579U          22144.45754655 +.00019477 +00000+0 +11298-1 0  9993
2 81579 100.0344 139.1999 0229633  73.7694 288.8597 13.96426385429443
1 81599U          22143.91688020 +.00001525 +00000+0 +28336-2 0  9994
2 81599  67.2969 204.7670 0264144 295.1799 243.0787 13.29322942412322
1 81614U 76077    22144.09416860 -.00000899 +00000+0 -65689-2 0  9997
2 81614 101.8192 182.7465 0364873  18.8269 342.5888 12.21575831378496
1 81615U 92021    22141.84968842 +.00001771 +00000+0 +67070-3 0  9992
2 81615  65.8285 186.4029 0821168  12.1038 349.8471 13.23620445410087
1 81617U 73086    22144.05425547 +.00000444 +00000+0 +29398-2 0  9996
2 81617 101.3156 359.7570 0038101 287.9595  71.7329 12.56275782389954
1 81624U          22141.27684870 +.00003469 +00000+0 +82502-3 0  9994
2 81624  66.9894  97.6596 0097479 230.0805 129.1711 14.52177966449761
1 81626U          22144.60403317 +.00081618 +00000+0 +13404-1 0  9996
2 81626  71.0053 266.3759 0014714 147.1022 213.1049 14.70053342438265
1 81640U          22144.06546140 +.00000486 +00000+0 +47800-3 0  9997
2 81640  65.8263 263.1168 0999161 243.8048 105.6939 12.55536485346945
1 81652U 76077    22144.39246931 +.00000881 +00000+0 +10995-2 0  9991
2 81652 102.1670 109.7163 0380949  14.3182 136.3386 13.41604344404389
1 81661U          22144.49322401 +.00007395 +00000+0 +19586-2 0  9994
2 81661  98.4289  62.8923 0064284 207.5165 152.2620 14.47807881346429
1 81667U          22144.37648958 +.00002244 +00000+0 +74971-3 0  9993
2 81667  74.0445 283.1001 0017594 182.6369 177.4695 14.37950508269479
1 81674U          22144.04113604 +.00001021 +00000+0 +67639-3 0  9995
2 81674  66.8262  20.7750 0021224  78.9565 350.3377 14.05427657430961
1 81678U          22142.77138091 +.00025637 +00000+0 +32980-2 0  9993
2 81678  65.8326 323.1008 0045742  16.2738 355.1077 14.80328553455021
1 81683U          22143.90816081 +.00002260 +00000+0 +64909-3 0  9991
2 81683  81.2238 207.9825 0028796 260.3294  99.4643 14.44407835447665
1 81693U 73086    22142.46776239 +.00000667 +00000+0 +52182-2 0  9994
2 81693 101.0827 334.3158 0373259  11.5595 349.3752 12.23338968808611
1 81696U          22143.50621375 +.00012182 +00000+0 +11202-2 0  9992
2 81696  97.4561  60.4124 0204085 254.8024 103.0541 14.80361248319694
1 81721U          22139.11092644 +.00041701 +00000+0 +90350-2 0  9994
2 81721  98.1975 196.0214 0313258 244.6215 112.2235 14.31749473346078
1 81732U          22144.31264893 +.00032132 +00000+0 +32743-2 0  9991
2 81732  65.7352 261.3862 0253020 190.2277 169.3634 14.69692450451962
1 81745U          22143.84287098 +.00002235 +00000+0 +87132-3 0  9998
2 81745  71.0050 324.8668 0005860  81.2016 341.6935 14.30765315443438
1 81749U          22144.51556234 +.00000108 +00000+0 +49227-3 0  9998
2 81749  99.6762 342.2065 0369644 168.5369 222.3351 12.77004962396264
1 81766U          22136.89117598 +.00003684 +00000+0 +17676-2 0  9999
2 81766  81.2052 204.6672 0011230  70.4959 289.7429 14.18735564374207
1 81775U          22143.88548251 +.00003383 +00000+0 +15534-2 0  9997
2 81775  82.9306 199.3690 0020713 238.4175 121.4985 14.20906877439794
1 81779U          22144.51353645 -.00006438 +00000+0 -24177+0 0  9999
2 81779  54.1875 325.6963 1805798   5.0664 356.5932  9.24693742359867
1 81792U          22144.34516517 +.00000630 +00000+0 +27525-3 0  9994
2 81792  65.8246 115.3606 0909498 138.1015 229.3392 13.04501861405413
1 81794U          22143.01033471 +.00024713 +00000+0 +29312-2 0  9995
2 81794  81.1907  30.6274 0002211 306.6128  53.4880 14.84389513456055
1 81798U          22144.19532460 +.00019781 +00000+0 +42712-2 0  9999
2 81798  74.0154  57.1102 0043576 101.5609 259.0453 14.57700369397929
1 81812U          22144.29560651 +.00005199 +00000+0 +39328-1 0  9996
2 81812 103.7709 265.2527 0292260 262.4478  94.3286 12.28972493380552
1 81813U          22143.82047073 +.00003340 +00000+0 +96990-3 0  9999
2 81813  99.0857 350.6134 0019107  31.8609 328.3732 14.44959576447386
1 81816U 77121    22144.10152301 +.00000993 +00000+0 +82596-3 0  9991
2 81816  66.2381 277.9763 0197673 282.5650  75.3376 13.84224205429304
1 81817U          22144.20792737 +.00011482 +00000+0 +11404-2 0  9992
2 81817  65.7255 220.1165 0305719 328.1373  30.1549 14.63015959454521
1 81818U          22142.33378432 +.00003030 +00000+0 +68466-3 0  9998
2 81818  65.7510 120.1978 0664212 158.0000 205.1058 13.71371553468943
1 81819U          22141.90244466 +.00000611 +00000+0 +45777-2 0  9991
2 81819 102.2214 206.2152 0031928  30.0566 330.2324 12.45426435385933
1 81821U          22143.65884142 +.00054300 -89380-6 +64873-3 0  9998
2 81821  34.0566 126.0055 2071868 238.2030 100.0237 11.40336298418783
1 81824U          22144.50599616 +.00002433 +00000+0 +11963-2 0  9990
2 81824  65.8503 224.6117 0058728 311.5222  48.0832 14.18566957439543
1 81833U          22144.22333960 +.00000265 +00000+0 +94389-3 0  9992
2 81833  90.2649 333.3859 0026755 176.5358 183.5950 12.93066527284667
1 81838U          22144.05363885 +.00003163 +00000+0 +10577-2 0  9993
2 81838  67.7695 359.8381 0035883 184.1528 332.6228 14.38191247445619
1 81844U          22143.58388552 +.00004060 +00000+0 +19973-2 0  9991
2 81844  82.9237 248.3643 0083354 115.6652 245.3166 14.15606325438158
1 81845U          22142.11079226 +.00001835 +00000+0 +25434-3 0  9992
2 81845  97.7850   4.2227 0102851 222.6596 291.5631 14.75600353457209
1 81864U          22143.87970628 +.00001456 +00000+0 +58595-3 0  9996
2 81864  65.6743 205.2245 0797246 213.4120 141.4120 13.26246360378248
1 81865U 87062    22143.79852063 +.00001372 +00000+0 +12226-2 0  9990
2 81865  82.8052 306.3592 0071207  79.7751 346.1062 13.82798738428738
1 81872U          22143.01900216 +.00217068 +00000+0 +14385-1 0  9992
2 81872  62.0257  49.3339 1792764 322.8877  26.0276 11.73724451192767
1 81873U          22144.37189069 +.00003456 +00000+0 +19365-2 0  9996
2 81873  99.0893 187.5562 0075194 146.3989 214.1982 14.09894268385922
1 81877U          22137.61576649 +.00000070 +00000+0 +19160-3 0  9996
2 81877  65.9341 263.3342 0067120 350.3336   9.6423 13.60534203950367
1 81893U 70025    22144.54458317 +.00001019 +00000+0 +11618-2 0  9992
2 81893  99.9622  53.6942 0019051  17.0371 343.1410 13.72623983425744
1 81899U          22144.31700103 +.00001058 +00000+0 +26761-2 0  9990
2 81899 102.4373   0.4914 0185573  65.2743 296.7553 13.16414504407918
1 81902U          22144.14924294 +.00024901 +00000+0 +32824-2 0  9994
2 81902  81.6257 103.8955 0271351 308.8703  48.8562 14.57495025448551
1 81905U          22144.47438783 +.00233102 +97206-5 +70935-2 0  9996
2 81905  61.7165 206.5207 1239916 141.9342 227.6206 13.04501965511891
1 81921U          22142.32802511 +.00002238 +00000+0 +89550-3 0  9998
2 81921  65.7083 106.0282 0892955 305.5680  46.5235 13.07626368858082
1 81946U 87079    22140.41740197 +.00000023 +00000+0 +24856-3 0  9993
2 81946  66.4211 135.7980 0682193 261.0073 257.4184 12.42006104386111
1 81947U          22143.23817420 +.00002579 +00000+0 +29568-3 0  9993
2 81947  66.0809 130.5030 0462769 209.2460 148.1998 14.32657586443737
1 81964U          22144.53259360 +.00000235 +00000+0 +23321-3 0  9997
2 81964  66.5854 239.0930 0042540 232.0439 127.6793 13.94537086432952
1 81969U          22143.85310661 +.00003717 +00000+0 +41694-3 0  9999
2 81969  86.6689 346.9335 0012227 139.7285 220.4848 14.86486348246024
1 81995U          22143.91760926 +.00006137 +00000+0 +13639-2 0  9994
2 81995  65.7526 217.5960 0600110 218.3414 137.3535 13.83196247423444
1 82039U          22142.03734802 +.00015838 +00000+0 +34749-2 0  9993
2 82039  99.0699 175.4475 0043065  66.6181 293.9535 14.57106711367426
1 82043U          22144.50608876 +.00002666 +00000+0 +85045-3 0  9994
2 82043  97.9756  38.0763 0260496 354.5293   5.3054 14.22899769388718
1 82044U          22144.13772921 +.00001152 +00000+0 +12506-2 0  9997
2 82044  99.9282 210.2823 0064961  30.0343 330.4505 13.74413259383346
1 82051U          22144.03705761 +.00003684 +00000+0 +16674-2 0  9994
2 82051  98.8213 210.7921 0118345  71.2749 290.1227 14.18926873387340
1 82073U          22144.32611112 +.00001663 +00000+0 +51771-3 0  9999
2 82073  97.6925 344.0004 0240242 250.5566 106.9517 14.26893110389282
1 82112U          22142.23692760 +.00006907 +00000+0 +18382-2 0  9995
2 82112  98.6497 246.5522 0096818 300.0872  59.0747 14.46083818393287
1 82134U          22137.25828535 +.00454022 +00000+0 +15715+0 0  9995
2 82134  65.4923 176.8317 2360706 163.5064 205.8444 10.25319680 10486
1 82139U          22143.83061966 +.00002794 +00000+0 +16412-2 0  9991
2 82139  99.1171 183.8615 0095021  88.5908 272.6143 14.06685714297016
1 82162U          22144.30188834 +.00001968 +00000+0 +34945-2 0  9997
2 82162 100.3829 358.1515 0056427 109.4643 251.2593 13.43119569329422
1 82168U          22134.90243379 +.00025938 +00000+0 +34023-2 0  9994
2 82168  74.0106 203.6875 0010793 261.9139  98.0812 14.80170403296178
1 82180U          22142.93559482 +.00011053 +00000+0 +24271-2 0  9992
2 82180  65.6610 217.2201 0463731 146.7036 216.4153 14.07608958416484
1 82187U          22143.93624666 +.00019083 +00000+0 +31892-2 0  9995
2 82187  70.9401 210.1870 0061078 358.3559   1.7380 14.68635376452467
1 82189U          22143.59230542 +.00000377 +00000+0 +14493-3 0  9990
2 82189  74.0350 267.1672 0016079  51.4259 308.8330 14.33740691446141
1 82199U          22144.20176983 +.00000621 +00000+0 +54386-3 0  9995
2 82199  82.9655 128.2742 0039117 118.2637 256.2278 13.83723925429999
1 82205U          22144.42275353 +.00008363 +00000+0 +17918-2 0  9998
2 82205  62.9993 296.6098 0618559 165.5123 196.4589 13.80995725427918
1 82223U          22143.96956266 +.00001788 +00000+0 +11422-2 0  9993
2 82223  99.4001 327.2904 0074836 336.8018  22.9775 14.03549768266122
1 82227U          22143.75449372 -.00000054 +00000+0 -74855-4 0  9997
2 82227 101.8753 115.8799 0003006  24.4286  97.3794 12.41997992479892
1 82250U          22140.02220145 +.00003010 +00000+0 +19646-2 0  9993
2 82250  98.9500  46.4805 0082101 240.4846 134.7541 14.01424271433480
1 82268U          22140.15059238 +.00006090 +00000+0 +30936-2 0  9995
2 82268  99.1316 243.3346 0057588  62.7884  55.4436 14.15408796551036
1 82272U          22143.37942016 +.00000409 +00000+0 +14272-2 0  9995
2 82272  67.5270  31.0379 0760188 217.4502 137.1156 12.32167679111779
1 82284U          22142.75569557 +.00013952 +00000+0 +52333-2 0  9991
2 82284  99.5657 312.5117 0104474 219.3176 140.0384 14.28768941485272
1 82285U          22144.34016798 +.00005171 +00000+0 +52051-2 0  9994
2 82285 101.9846 293.6232 0341030 281.3770  74.9237 13.55299375418949
1 82295U          22143.73133948 +.00001136 +00000+0 +47020-3 0  9992
2 82295  66.6228 308.6990 0125403  55.5682 305.7190 14.26037182394206
1 82298U          22137.49107908 +.00005579 +00000+0 +28360-2 0  9998
2 82298  99.0576 230.4024 0064462  79.1534 281.6885 14.15195711380513
1 82303U          22144.49585192 +.00010032 +00000+0 +21579-1 0  9992
2 82303  81.9772 336.7546 0030218 297.2172  90.2864 13.29416834339094
1 82311U          22144.19386395 +.00000647 +00000+0 +10105-2 0  9997
2 82311  99.5071 237.7214 0108782 333.4044  26.1536 13.52149777374688
1 82314U          22144.33943993 +.00048528 +00000+0 +17673-2 0  9996
2 82314  99.2227 285.8499 0173583 144.3449 216.9521 15.14985755346023
1 82320U          22136.94399242 +.00002623 +00000+0 +93485-3 0  9995
2 82320  99.8291 189.2693 0159183  12.1471 348.3475 14.28436612441477
1 82322U          22134.65957741 +.00008737 +00000+0 +20358-2 0  9997
2 82322  98.5663 209.7530 0077595 132.5532 228.2248 14.53195685374397
1 82363U          22144.25288531 +.00000024 +00000+0 +13528-3 0  9996
2 82363  66.9375  90.1322 0469276 273.4856  81.2639 13.13938725119570
1 82369U 99025    22142.35569134 +.00000234 +00000+0 +19348-3 0  9996
2 82369  99.0102 174.5209 0083339 323.6476  35.9044 13.97095282375530
1 82381U          22144.49779699 +.00005185 +00000+0 +16489-2 0  9993
2 82381  98.4839 341.0015 0017276 160.5611 199.6240 14.40220849322082
1 82383U          22144.41787606 +.00022138 +00000+0 +27631-2 0  9992
2 82383  98.2716 201.8131 0007837 135.2983 224.8862 14.82372272354441
1 82402U          22144.58997704 +.00002814 +00000+0 +31808-3 0  9995
2 82402  86.6693 346.8295 0012515 138.5135 221.7042 14.86072490260785
1 82410U          22141.57256092 +.00000236 +00000+0 +31436-3 0  9991
2 82410  66.6573 218.9659 0061813 179.4966 180.6178 13.76156712407631
1 82428U          22144.44599033 +.00015993 +00000+0 +13093-1 0  9997
2 82428  63.1828 176.5197 0107294  25.0263 335.5930 13.86991129240071
1 82432U 93036    22143.36917928 +.00001639 +00000+0 +41199-3 0  9992
2 82432  74.0088 281.2216 0063372  40.7899 319.7980 14.50861616294031
1 82448U          22144.30645638 +.00002691 +00000+0 +30456-3 0  9992
2 82448  85.8783 161.4012 0010123 195.0191 165.0734 14.86021551243306
1 82451U          22143.02595530 +.00069643 +00000+0 +66876-2 0  9993
2 82451  66.5350  56.9340 0257115   6.6442 353.7975 14.70999410941396
1 82453U          22144.56086514 +.00000030 +00000+0 +55198-3 0  9993
2 82453 101.9941  95.8811 0094715  90.3926 270.7991 12.39543022385200
1 82458U          22136.82983171 +.00002606 +00000+0 +14941-2 0  9994
2 82458  66.5114 304.2958 0061584 173.1177 187.0770 14.10035457425218
1 82464U          22144.55040749 +.00010150 +00000+0 +28493-2 0  9995
2 82464  71.0008  64.5430 0079704 338.3527 196.8241 14.44275428446132
1 82475U          22139.05742282 +.00002539 +00000+0 +15131-2 0  9994
2 82475  99.1200 180.7598 0107923 133.3604 227.6617 14.05357856362689
1 82484U          22144.40193268 +.00000206 +00000+0 +35876-3 0  9991
2 82484  99.5103 207.4753 0043558 235.3958 124.3068 13.55133864414746
1 82494U 93036    22143.33064087 +.00004891 +00000+0 +12529-2 0  9993
2 82494  74.0228 356.8839 0013138  90.2960 269.9706 14.50554744293626
1 82500U          22141.81845746 +.00002965 +00000+0 +17093-2 0  9991
2 82500  70.9728 201.3233 0143495 271.3178  87.1504 14.04879023435497
1 82517U          22143.83401183 +.00019079 +00000+0 +53396-2 0  9996
2 82517  86.3859 276.8503 0022235 198.8999 161.1380 14.45873822235488
1 82524U          22144.63299789 +.00003455 +00000+0 +15266-2 0  9995
2 82524  73.2908 104.3878 0177558 284.7864 252.2412 14.15651666392323
1 82529U          22143.55705655 +.00001552 +00000+0 +24905-2 0  9990
2 82529  99.7866 253.7084 0249830 161.4287 214.0011 13.38755017415769
1 82545U          22143.66792311 -.00000018 +00000+0 +66321-3 0  9991
2 82545  64.8814 118.0507 0176205 184.6964 175.2313 11.30781491292020
1 82560U          22144.02370344 +.00001114 +00000+0 +10153-2 0  9995
2 82560 100.0424 339.6082 0011158 112.2239  38.7889 13.85793054431715
1 82561U          22143.13217772 +.00003536 +00000+0 +10554-2 0  9997
2 82561  63.1168 331.6038 0503780   4.2229  93.4092 13.89773172430366
1 82576U          22142.87996389 +.00003033 +00000+0 +19651-2 0  9990
2 82576  99.2396 177.5223 0117682 348.9057  10.9516 14.00160249 51821
1 82597U          22144.15740590 +.00001861 +00000+0 +72732-3 0  9994
2 82597  66.7728 304.7338 0104995 196.2556 163.5167 14.28727956443088
1 82616U          22144.14763973 +.00022903 +00000+0 +25613-2 0  9990
2 82616  97.2933 217.8725 0086322 268.6171  90.5155 14.84201489373326
1 82617U          22143.75952091 +.00000677 +00000+0 +19418-3 0  9999
2 82617  74.0266 155.2183 0039472  58.1288 302.3701 14.46440412448847
1 82627U          22138.62143505 +.00000764 +00000+0 +20444-2 0  9999
2 82627  82.4756  96.5014 0014151  85.9813  90.2597 13.13906209407423
1 82642U          22144.19754877 +.00001268 +00000+0 +82458-3 0  9999
2 82642  99.0097  54.6056 0139046 246.4286 112.2223 13.99754157434059
1 82683U 99057    22143.71358223 +.00001942 +00000+0 +81694-3 0  9996
2 82683  98.1226 300.2814 0226542 218.0326 140.4669 14.13945479278338
1 82693U          22143.99453361 +.00002196 +00000+0 +29514-2 0  9990
2 82693 100.5425 343.4952 0045771 355.1864   4.8828 13.60797546376625
1 82698U          22144.30872782 +.00001868 +00000+0 +11388-2 0  9998
2 82698  61.6104   4.3448 0727866 177.0199 183.5513 13.21858099366294
1 82708U          22144.12715538 +.00000660 +00000+0 +28037-2 0  9993
2 82708 102.1432 211.6754 0056806  30.8070 329.6335 12.87398183356228
1 82729U          22143.94428515 +.00001475 +00000+0 +51517-2 0  9995
2 82729  67.9582 228.3866 0833640 178.9060 181.4026 12.16177262377179
1 82737U          22143.63030762 +.00023115 +00000+0 +27518-1 0  9991
2 82737 102.8782 286.6645 0345665 121.1144 242.4369 13.44788596370013
1 82739U          22144.51426799 +.00001593 +00000+0 +14668-2 0  9999
2 82739  99.0356 342.4330 0183379 154.8035 235.8089 13.76806172427132
1 82741U          22144.21575099 +.00002114 +00000+0 +26613-2 0  9990
2 82741 102.8716 118.5139 0207372 271.4882  86.2499 13.57223584420419
1 82742U          22137.04975183 +.00009648 +00000+0 +40458-2 0  9994
2 82742  99.5701 226.6930 0059914 164.1301 196.1770 14.25200733356932
1 82755U          22143.14528224 +.00041273 +00000+0 +58810-2 0  9997
2 82755  99.8062 286.2585 0003410 217.0626 143.0343 14.76624231453210
1 82778U          22130.27369159  .00002594 -82189-5  00000+0 0  9995
2 82778  19.8762 108.2364 2009964 338.5272  40.4147 11.78000912    00
1 82783U          22144.31332991 -.00000248 +00000+0 -76688-3 0  9995
2 82783  90.3107 359.4231 0022742   7.4147 352.7311 13.07043166334628
1 82785U          22143.86154704 +.00011651 +00000+0 +17011-2 0  9992
2 82785  63.1235 197.2350 0393734  46.7728 316.5512 14.34843287443460
1 82820U          22144.18437454 +.00003000 +00000+0 +13552-2 0  9999
2 82820  99.8078 135.9925 0061548  75.1000 285.6979 14.21975752440416
1 82829U          22143.98320955 -.00000158 +00000+0 -32317-2 0  9995
2 82829  65.1003 343.2305 0178227 261.6992 253.5237 11.28911116339450
1 82854U          22142.88309488  .00001410  00000-0  12196-2 0  9993
2 82854  82.6923 357.9586 0136226 346.1444  13.5990 13.81639081900318
1 82873U          22144.47088491 +.00002388 +00000+0 +13270-2 0  9997
2 82873  99.9928 220.9375 0045610 250.4304 109.1936 14.11743344437328
1 82875U          22143.25094500 +.00001473 +00000+0 +40714-3 0  9990
2 82875  98.6058 153.8617 0393849  43.0389 320.0883 14.11031134360970
1 82893U          22144.49803924 +.00003843 +00000+0 +22412-2 0  9992
2 82893  98.9702 231.8948 0038519 143.3694 217.0120 14.08695009240021
1 82912U          22144.53228039 +.00004789 +00000+0 +22304-2 0  9997
2 82912  65.8387 251.7354 0814192 139.2315 227.2664 13.15702087407865
1 82915U          22144.57963780 +.00030993 +00000+0 +43227-2 0  9996
2 82915  74.0169 253.2027 0020664 256.7793 103.1076 14.77423089291478
1 82959U          22142.44327819 +.00001324 +00000+0 +77124-3 0  9995
2 82959 100.1087 134.0029 0051567 192.7280 167.2588 14.10043043360325
1 82961U          22144.42289301 +.00011783 +00000+0 +24844-1 0  9990
2 82961  99.7659  22.6290 0499297  95.1158 270.7107 12.92626518386264
1 82965U 70025    22142.76426056 +.00001111 +00000+0 +16517-2 0  9996
2 82965 100.2119 163.1799 0003267 131.8730 228.2685 13.56147552348011
1 82991U          22142.33665983 +.00021115 +00000+0 +32958-2 0  9991
2 82991  86.3214 169.3221 0033666 214.5030 145.4003 14.72380922294198
1 83903U          22143.84534894 -.00000360 +00000+0 +00000+0 0  9998
2 83903   9.3280 303.6780 0130680 211.2321 147.8806  0.99113916 30785
1 83934U          22143.61261804 -.00000122 +00000+0 +00000+0 0  9991
2 83934   8.6710 308.9187 0222642 231.1564 313.3989  1.02661317 31947
1 83952U          22144.21702584 +.00000197 +00000+0 +95189-3 0  9990
2 83952  20.4554 133.0997 7163533 153.6533 275.5495  2.32149846 53885
1 83975U          22130.54696969 -.00000108 +00000+0 +00000+0 0  9992
2 83975  18.9384 106.8983 7047128 315.0123   5.9624  2.15339775 54081
1 83999U          22141.94896929 +.00000037 +00000+0 +00000+0 0  9992
2 83999  63.0608 306.8366 7017456  18.1327 357.6410  2.12290423 16421
1 84006U          22143.12593098 -.00000186 +00000+0 +00000+0 0  9991
2 84006  23.4727  66.6116 6140615 345.0726   2.8492  2.16234988 56112
1 84026U          22143.10653864 +.00050004 +00000+0 +11778-1 0  9998
2 84026  21.8487  35.6225 6116264  62.7817 345.8561  3.86159778 77664
1 84071U          22143.87247150 +.00012400 +00000+0 +55622-2 0  9994
2 84071  20.6987 279.8595 6993704 183.2293 167.1550  2.62948456 69281
1 84079U          22143.31263974 +.00001875 +00000+0 +23650-2 0  9993
2 84079  62.7515 136.5935 3973456 176.7639 187.0211  7.07765751212420
1 84136U          22143.69779946 +.00440299 +00000+0 +22794-1 0  9993
2 84136  51.3784 331.9324 1637797  66.3024 310.0850 12.10238631363846
1 84170U 12008    22142.49542551 +.00017164 +00000+0 +89506-2 0  9995
2 84170  20.8896 224.4014 6968864 185.3357 158.8112  2.65653601 58891
1 84188U          22144.31743762 +.00112242 +00000+0 +13749+0 0  9999
2 84188  64.9499 358.8351 4881847 120.8370 296.1743  5.60027936161251
1 84232U 79104    22143.42498988 +.00012075 +00000+0 +12365-1 0  9996
2 84232  20.1807 237.1011 6884626 270.8711  17.6574  2.73642797 66289
1 84249U          22128.37766062 +.00046242 +00000+0 +12497-1 0  9990
2 84249  64.3321 268.2074 5652506 353.0751   1.5370  4.54665582 90819
1 84292U          22144.09537623 +.00021712 +00000+0 +45591-2 0  9991
2 84292  23.8616 114.0136 4823939  71.2333 333.9798  5.89097112149071
1 84342U          22134.25578481 +.00682839 +00000+0 +35191-1 0  9998
2 84342  21.9303 297.2892 5126428 126.9020 291.9018  5.48881110 89371
1 84346U          22143.51701256 +.00015323 +00000+0 +20307-2 0  9991
2 84346  20.6854 149.0504 6901360 325.9765   4.6724  2.78740571 49127
1 84353U          22137.00005593 -.00000122 +00000+0 +00000+0 0  9994
2 84353  18.9235 283.6642 6687229 264.1970  22.2302  2.03736216 41504
1 84406U          22142.56036278  .00000566  00000-0  32724-2 0  9997
2 84406 101.6708 259.3389 0044533  94.2713 278.8201 12.65200948884758
1 84407U          22144.31178249 +.00000062 +00000+0 +10889-1 0  9995
2 84407  19.6493 352.4277 7235570  70.8406 350.0559  2.05802404 49130
1 84415U          22144.00464723 +.00422420 +00000+0 +27820-1 0  9994
2 84415  23.7247  69.7001 4582010 343.2673   5.5811  6.39783688 18782
1 84434U          22143.19195611 +.00000374 +00000+0 +16524-2 0  9991
2 84434  20.3347 108.2004 7135043 213.6235  68.0067  2.35271879 55263
1 84452U          22144.27010872 +.00054383 +00000+0 +19643-2 0  9990
2 84452   2.8281  82.9508 6254409 326.2796   6.3466  3.73182788104763
1 84480U          22140.26132393 +.00007731 +00000+0 +35165-2 0  9991
2 84480  45.9250 126.7014 4539196 244.4015  62.5165  6.28400770176057
1 84565U          22141.61083798 +.00001295 +00000+0 +27740-2 0  9998
2 84565   1.6105 177.4999 7227494 102.9040 340.2776  2.28047806 33833
1 84588U          22144.35978388 +.00001592 +00000+0 +14129-2 0  9992
2 84588   2.5476  21.5076 6999282 336.1752   3.1622  2.60551481 73480
1 84840U          22141.96737599 -.00000941  00000-0  00000+0 0  9993
2 84840  16.9243 345.1246 8148616 283.5190 358.8589  0.46176881   173
1 84911U          22144.59192583 +.00000113 +00000+0 +35711-2 0  9991
2 84911   1.8387 345.7662 6555781 224.0873 355.7337  2.95768149 92104
1 84932U          22144.55858674 -.00000290 +00000+0 -33611-2 0  9995
2 84932   2.0770 216.1119 6555047 114.0285 261.2144  2.98951542 92879
1 84950U          22144.21802736 +.00000080 +00000+0 +00000+0 0  9994
2 84950   2.5185  41.1213 6960788 205.2133 332.4841  2.04181906 63455
1 84961U          22143.22243590 -.00000325 +00000+0 +00000+0 0  9996
2 84961   8.6479 297.2204 0137509 222.2895 136.6092  0.98633327 30635
1 85001U          22130.66496476 +.00109175 +00000+0 +12620-1 0  9994
2 85001  51.4104 221.4725 2590532 126.0321 260.9230 10.03112728304177
1 85004U          22144.21630880 +.00001067 +00000+0 +37449-3 0  9991
2 85004  98.2765 135.8545 0052405  96.7176 326.0782 14.36136609445391
1 85010U          22143.92258399 +.00001039 +00000+0 +12039-2 0  9992
2 85010  99.3548  26.9506 0029049  49.2604  17.7766 13.71205594425698
1 85011U          22142.96057100 +.00029824 +00000+0 +10781-1 0  9996
2 85011  70.9805 344.6108 0019290  65.8986 294.4161 14.33267264237552
1 85015U          22143.32213483 +.00000514 +00000+0 +11366-3 0  9996
2 85015  74.0495 359.3321 0015650 241.9140 118.0444 14.59840401452856
1 85023U          22144.39709784 +.00004739 +00000+0 +19282-2 0  9994
2 85023  99.8611 302.5767 0005887 145.0284 245.1906 14.28064067441617
1 85027U          22144.40855041 +.00000124 +00000+0 +19520-3 0  9998
2 85027  66.0436  38.2986 0173994 161.3873 199.3664 13.73383887426277
1 85047U          22144.45339437 +.00009715 +00000+0 +26183-1 0  9997
2 85047 102.4043 222.4379 0147859 278.2048  80.2308 13.11094833404680
1 85061U          22143.08459451 +.00003252 +00000+0 +14978-1 0  9999
2 85061 102.4231 358.0255 0294381 166.5702 351.8753 12.65169185390757
1 85100U          22143.64895238 +.00000468 +00000+0 +16012-3 0  9991
2 85100  74.0459 100.6279 0013713 289.5698 245.5540 14.38967165446382
1 85106U          22144.52499524 +.00000701 +00000+0 +84429-3 0  9990
2 85106 100.1570 162.9192 0011084  73.5370  80.4829 13.70658520425082
1 85111U 73086    22144.37107311 +.00000366 +00000+0 +26597-2 0  9991
2 85111 101.6539 115.2458 0011316 333.9269  26.1231 12.51035506303511
1 85117U          22144.34743449 +.00026645 +00000+0 +27871-2 0  9992
2 85117  70.0347 120.6856 0061042 257.4034 102.0289 14.88172815405658
1 85133U          22143.95610423 +.00003986 +00000+0 +17351-2 0  9996
2 85133  98.8636 206.5595 0030235  96.9087 263.5532 14.24350684345742
1 85151U 86019    22144.50936206 +.00005140 +00000+0 +16546-2 0  9991
2 85151  98.4914 341.3097 0016223 149.8135 210.3991 14.39631863290931
1 85159U          22142.99469983 +.00008224 +00000+0 +40789-2 0  9991
2 85159  98.8360  48.2357 0085242 357.1315   2.9359 14.15536656314771
1 85175U          22144.17375566 +.00041035 +00000+0 +76755-2 0  9993
2 85175 101.3746 105.5234 0139467  38.3131 322.7867 14.58589246434456
1 85205U          22143.90672749 +.00000174 +00000+0 +16215-3 0  9995
2 85205  82.9574 198.8508 0035485 323.8346 157.3268 13.76473577427667
1 85210U 75052    22144.49845317 +.00000279 +00000+0 +31766-3 0  9992
2 85210  99.7796 244.3343 0224212  38.7040  20.2713 13.68446745424411
1 85217U          22144.31094098 +.00001936 +00000+0 +60645-3 0  9992
2 85217  97.9260 326.5716 0239753  58.3705 304.0629 14.26433317442160
1 85220U          22144.31669848 +.00015841 +00000+0 +42379-2 0  9990
2 85220  99.4143 331.8593 0169054 156.7461 204.1489 14.40190808444427
1 85237U          22141.24884172 +.00003179 +00000+0 +73566-3 0  9990
2 85237  65.5445 329.3477 0607766 251.3454 102.0722 13.81003740427517
1 85238U          22144.13517456 +.00000063 +00000+0 +86300-4 0  9990
2 85238  98.9148 104.0448 0064520 118.0081 307.6380 13.87975709430677
1 85246U          22143.57649382 +.00002967 +00000+0 +11548-2 0  9995
2 85246  98.0817 250.8774 0239912 150.9129 210.5661 14.15862453438900
1 85266U          22142.53220813 +.00017705 +00000+0 +16485-1 0  9996
2 85266  62.7950 236.7622 3597127 165.1229 209.2481  7.77841886239406
1 85283U 78098    22141.11305401 +.00024200 +00000+0 +51427-2 0  9991
2 85283  99.6895 199.1194 0031906 100.4422 260.0370 14.58732917351510
1 85292U          22142.39102759 +.00011259 +00000+0 +27176-2 0  9995
2 85292  65.8333 152.2212 0067377 281.7956  77.5594 14.52053599998094
1 85370U          22144.28011708 +.00001067 +00000+0 +10041-2 0  9994
2 85370  99.9636 263.3505 0010348 175.3832 214.9794 13.83966479429238
1 85373U          22143.38773648 +.00001569 +00000+0 +12641-2 0  9990
2 85373 100.4280 357.9056 0057163  31.9287 144.4946 13.91553773430957
1 85383U          22144.20787062 +.00005492 +00000+0 +15015-2 0  9995
2 85383  98.6445 238.4257 0100981 315.2699  44.0379 14.44674425397748
1 85386U          22142.10334698 +.00011633 +00000+0 +29008-2 0  9999
2 85386  98.6408 249.6072 0109811 254.6141 232.1041 14.48176053447906
1 85415U          22117.50957845  .00754475  23325-3  13245-2 0  9996
2 85415  51.8888 226.6932 0124789 172.4808 187.8072 15.88505061   297
1 87014U          22143.94375373 +.00002221 +00000+0 +39134-2 0  9991
2 87014 100.5164  26.4861 0053167 106.2344 269.6386 13.43520071416038
1 87029U 99025    22143.94039304 +.00001179 +00000+0 +80166-3 0  9996
2 87029  98.8881 204.2603 0082793 271.2154  87.9527 14.00367889410984
1 87042U 00055    22143.91063474 +.00000951 +00000+0 +62360-3 0  9991
2 87042  98.8562 210.8329 0046771 138.5375 221.9356 14.03928559371536
1 87051U 76126    22144.54132783 +.00004015 +00000+0 +14217-2 0  9995
2 87051  65.7315  83.9724 0759967   3.1520 357.3929 13.36550092414558
1 87054U 75052    22143.94684802 +.00002826 +00000+0 +19380-2 0  9996
2 87054 100.0790 221.3799 0022030 198.1343 161.9034 14.00396547433915
1 87065U 99025    22141.01366622 +.00001409 +00000+0 +17546-2 0  9995
2 87065  98.6873 163.1187 0339348  33.1106 329.0781 13.44363536341411
1 87071U 68097    22143.45526125 +.00008297 +00000+0 +33955-2 0  9997
2 87071  61.2265 106.7879 0558367 336.4116  21.2166 13.66541698423852
1 87074U 77121    22144.04520501 +.00000297 +00000+0 +38810-3 0  9994
2 87074  66.1404 167.1343 0158979 262.6735  95.6235 13.70254566425172
1 87079U          22143.92185167 +.00092885 +00000+0 +53835-2 0  9999
2 87079  70.3023  21.1929 0011178 273.8514  86.1376 15.11629174459499
1 87091U          22144.43904943 +.00109950 +00000+0 +37352-2 0  9999
2 87091  65.6908 304.3721 0082184 121.0427 239.8814 15.26656611462838
1 87113U 76126    22144.64138126 +.00020839 +00000+0 +32206-2 0  9992
2 87113  65.6656 272.1579 0349040 169.4071 205.9074 14.39786153444508
1 87129U 76077    22143.40676341 +.00000166 +00000+0 +15473-2 0  9991
2 87129 102.3234 201.1479 0027630 314.4851  45.3954 12.42103681385309
1 87159U          22143.93219624 +.00001205 +00000+0 +14966-2 0  9993
2 87159  90.3098  25.3739 0118278 137.2747 223.7682 13.61399140379701
1 87163U 76126    22144.03422986 +.00002492 +00000+0 +75710-3 0  9993
2 87163  65.6006 164.1900 0715741 271.5496  80.3752 13.51204228401323
1 87164U          22144.54458180 +.00001989 +00000+0 +55663-3 0  9998
2 87164  65.2071  79.2418 0156451 241.3529 117.1754 14.41654129447736
1 87203U          22144.27171082 +.00013961 +00000+0 +30149-2 0  9999
2 87203  98.8787  77.6359 0061080 341.4990  18.3985 14.57282072363173
1 87204U          22144.09462743 +.00001867 +00000+0 +86671-3 0  9991
2 87204  98.6650  15.3675 0051152 145.1525 215.3019 14.21176826440525
1 87211U          22144.58105502 +.00002580 +00000+0 +94482-3 0  9992
2 87211  99.0041  60.4777 0068798  16.1497 106.0718 14.32461246521162
1 87213U 99025    22132.76598358 +.00020759 +00000+0 +22891-2 0  9993
2 87213  99.0484 323.4157 0055447 253.6605 105.8505 14.86405770367387
1 87214U 70025    22143.87046283 +.00002137 +00000+0 +20878-2 0  9995
2 87214 100.3301   8.2124 0080812 341.4557  18.3651 13.79104929420945
1 87222U          22144.14469719 +.00121714 +00000+0 +40172-2 0  9996
2 87222  98.9613 110.6264 0037795  19.5592 340.7084 15.30220849553059
1 87228U 99025    22143.31192816 +.00009070 +00000+0 +31005-2 0  9991
2 87228  98.9296 272.8902 0040419 337.0727  22.8653 14.36075753417806
1 87235U          22141.16252435 +.00003480 +00000+0 +12806-2 0  9996
2 87235  98.9603 288.2961 0150703  30.6605 330.3275 14.27166545399492
1 87237U 99025    22142.88164551 +.00000495 +00000+0 +41824-3 0  9990
2 87237  99.4159 175.4850 0106083 184.2975 351.5103 13.90122152506522
1 87239U 81053    22144.26729830 +.00004479 +00000+0 +18447-2 0  9995
2 87239  82.8837  77.2212 0032879  83.6401 276.8526 14.26427154441471
1 87245U 71015    22144.44040902 +.00002591 +00000+0 +65726-3 0  9991
2 87245  65.6630 213.3152 0515707  25.5924 347.1038 13.94397958431971
1 87256U 99025    22143.43376445 +.00001564 +00000+0 +95780-3 0  9998
2 87256  98.8471 212.5541 0046460  98.0114 262.6331 14.06737970400966
1 87271U 71015    22144.40429716 +.00009350 +00000+0 +21556-2 0  9992
2 87271  65.7760  29.0569 0552404   8.9729 352.0732 13.90252667430127
1 87280U          22144.45553428 +.00000392 +00000+0 +74597-3 0  9992
2 87280  64.6154 201.5264 0122160 215.0370 144.2588 13.47107179358887
1 87293U 71015    22144.36740728 +.00002194 +00000+0 +54257-3 0  9994
2 87293  65.9092 280.5577 0525665 333.0942  24.3726 13.93925943431694
1 87300U 70025    22144.38929441 +.00001405 +00000+0 +11101-2 0  9990
2 87300 100.0963 351.7868 0032762 132.9734 227.4178 13.93295161431971
1 87304U          22143.87040057 +.00001430 +00000+0 +25152-3 0  9990
2 87304  74.0190 327.5672 0021501 266.7646  93.1064 14.68496397455434
1 87305U 93036    22144.17340526 +.00007457 +00000+0 +13689-2 0  9996
2 87305  73.9971 206.6773 0036692 311.3279  48.4733 14.65437506283377
1 87320U 71015    22144.60725957 +.00002835 +00000+0 +19362-2 0  9998
2 87320  66.5988 278.8169 0441985 157.2145 204.9222 13.62441252416474
1 87334U          22144.61484292 +.00010905 +00000+0 +13668-1 0  9993
2 87334  89.9929 270.9708 0084985 235.4405 123.8712 13.62579786207875
1 87335U          22144.31461132 +.00008822 +00000+0 +10949-1 0  9993
2 87335  89.9765 269.3056 0093593 214.7401 144.7623 13.62862777207893
1 87382U 93016    22143.88752484 +.00798427 +00000+0 +26583-1 0  9996
2 87382  70.9410   2.1988 0025810 193.6355 166.4133 15.28269086365529
1 87397U 94029    22143.05775279 +.00026210 +00000+0 +42676-2 0  9999
2 87397  81.2418  75.7121 0006587 294.3284  65.7232 14.70883799365792
1 87405U 81053    22144.61178390 +.00002076 +00000+0 +16703-2 0  9992
2 87405  82.7571 356.5800 0057626  87.7058 273.0702 13.89282252430521
1 87410U 76077    22142.79115110 +.00002655 +00000+0 +24798-1 0  9991
2 87410 102.2637  85.0935 0184819 233.8268 124.5562 12.19691196378396
1 87416U 81053    22144.31690020 +.00004287 +00000+0 +17316-2 0  9997
2 87416  82.8381 358.5472 0018215 142.3588 217.8876 14.27628384423070
1 87423U 99057    22144.10902319 +.00109302 +00000+0 +69167-2 0  9997
2 87423  98.8194 200.3415 0035668  97.8820 262.6455 15.07953187367251
1 87426U          22144.16314782 +.00002293 +00000+0 +11979-2 0  9996
2 87426  65.7993 203.4182 0089174 256.2957 135.7418 14.14317405438120
1 87433U          22143.32651427 +.00001946 +00000+0 +38358-2 0  9995
2 87433 100.2171 281.9460 0054848 142.9346 217.5586 13.36336812258787
1 87448U 70025    22143.33106163 +.00001285 +00000+0 +11719-2 0  9996
2 87448 100.4478 183.3534 0065048 310.4723  49.0769 13.84658308429070
1 87456U 76126    22142.47193588 +.00004415 +00000+0 +76913-3 0  9990
2 87456  65.7905 223.5035 0623144 303.3050  50.9807 13.87801742429610
1 87468U 93036    22143.74066165 +.00017354 +00000+0 +19606-2 0  9994
2 87468  74.0144 310.9296 0063947  44.1204 316.5050 14.84992531286832
1 87491U 99025    22143.17804041 +.00014445 +00000+0 +33081-2 0  9995
2 87491  98.6249 225.0096 0070206 187.9149 172.0945 14.54191357392919
1 87501U 93036    22144.38806675 +.00016789 +00000+0 +46270-2 0  9999
2 87501  74.0324 132.6538 0021146 184.2809 175.8173 14.46708028280661
1 87517U 76126    22143.48693358 +.00001601 +00000+0 +51990-3 0  9992
2 87517  65.8257 115.3823 0732035 207.3838 246.7749 13.46441697417148
1 87541U 70025    22144.19778656 +.00000128 +00000+0 +33476-3 0  9997
2 87541  99.8636  37.6631 0060126 153.7934 358.1965 13.34926435408730
1 87553U 76126    22144.47643363 +.00001832 +00000+0 +67133-3 0  9995
2 87553  65.6749 226.2733 0726949  81.9913 286.2914 13.42423485416346
1 87557U 73086    22144.35098868 +.00003464 +00000+0 +94837-2 0  9995
2 87557 101.7293 187.8910 0050379 342.3662  17.5694 13.13991752393706
1 87561U 76077    22144.42885833 -.00000083 +00000+0 -30919-3 0  9995
2 87561 102.1648 213.5478 0176751 143.7657 228.9029 12.32148757382534
1 87565U 99025    22144.06484931 +.00001026 +00000+0 +62588-3 0  9994
2 87565  99.9269   5.4731 0183261  72.7580 289.3547 14.00587149434342
1 87569U 99025    22144.55543977 -.00000023 +00000+0 +12836-3 0  9996
2 87569 101.8275 264.3538 0055370 288.7436  84.6798 12.68477883393865
1 87587U 93036    22142.23873841 +.00000249 +00000+0 +89303-4 0  9994
2 87587  74.0248 345.2788 0021236 334.4825  25.5279 14.38932258446685
1 87590U 99025    22142.34703786 +.00000754 +00000+0 +46944-3 0  9998
2 87590  98.9402 184.7622 0026732 347.2353  74.1715 14.07800544972141
1 87616U 76067    22144.11894413 +.00000553 +00000+0 +20278-2 0  9991
2 87616  66.0334 177.8640 0646790 330.6253  56.5167 12.45002511374464
1 87624U 99025    22143.88090182 +.00002219 +00000+0 +49189-3 0  9997
2 87624  98.7632   2.2536 0127665 282.4494  76.2440 14.53337103390782
1 87642U          22144.59426614 +.00029753 +00000+0 +14921-2 0  9991
2 87642  62.2258 184.1409 0111470 291.0546  67.8660 15.11883739456523
1 87650U          22144.44906649 +.00004560 +00000+0 +17275-2 0  9999
2 87650 100.2710  38.9379 0058071  15.7866 344.5104 14.30839270   651
1 87656U          22144.13631451 +.00020013 +00000+0 +42159-2 0  9997
2 87656  99.1390 290.9810 0015594 291.4584  68.4949 14.59424233810917
1 87664U 75052    22137.43908476 +.00000640 +00000+0 +18379-2 0  9995
2 87664  99.7170 124.6805 0216155  80.2514  70.6524 13.06249600370894
1 87672U 93016    22144.63153103 +.00002064 +00000+0 +99481-3 0  9999
2 87672  70.8632 267.5630 0063033  81.3709 279.4549 14.18849448439827
1 87681U          22144.40259185 +.00000917 +00000+0 +10655-2 0  9992
2 87681  66.7379 283.1919 0169744 298.7726  59.6380 13.67319171424117
1 87690U 76126    22144.38635106 +.00006859 +00000+0 +11245-2 0  9999
2 87690  65.8003  66.9520 0677890 336.3768  20.7462 13.79019573427127
1 87706U          22144.28349001 +.00002117 +00000+0 +51540-3 0  9996
2 87706  98.5507 269.9202 0134205 280.4908 108.3162 14.48554515389665
1 87725U 81053    22144.13021839 +.00006420 +00000+0 +20786-2 0  9992
2 87725  82.8961 285.2654 0031232 234.9649 124.8611 14.38627375444860
1 87727U 92093    22144.27469830 +.00053447 +00000+0 +75162-2 0  9991
2 87727  70.9850 340.3666 0015527 131.8827 228.3656 14.76962841451617
1 87730U          22143.19783173 +.00000121 +00000+0 +11186-3 0  9999
2 87730  82.9425 115.4117 0030724  27.4688 332.8084 13.74200621406833
1 87737U 99025    22144.44213967 +.00000030 +00000+0 +78512-4 0  9995
2 87737  99.5666  16.0412 0133134 323.3971  35.8135 13.72032263425805
1 87764U 76126    22144.13958514 +.00009395 +00000+0 +19920-2 0  9991
2 87764  65.6757  45.9463 0482582   1.4645  66.5306 14.05775026434969
1 87771U 75052    22144.23368177 +.00000106 +00000+0 +36969-3 0  9991
2 87771 100.6763 298.2836 0120611  65.9600 295.4082 13.19064420363866
1 87782U 73086    22144.39428780 +.00002561 +00000+0 +97827-2 0  9998
2 87782 102.3498 198.9498 0039694 329.5870  30.2920 12.91310137399863
1 87817U 68097    22144.12241682 +.00055222 +00000+0 +22084-2 0  9993
2 87817  62.7576 291.1380 0170674  56.5789 305.1506 15.12335388491200
1 87843U 70025    22144.34292096 +.00001596 +00000+0 +40282-2 0  9990
2 87843  99.6910 357.0279 0243825 150.5670 210.9427 13.10521536393745
1 87845U          22143.77826552 +.00001244 +00000+0 +24920-2 0  9995
2 87845  98.8448 344.7853 0586978 353.5604   5.8185 12.84737100398176
1 87878U          22144.29916649 +.00002394 +00000+0 +94772-3 0  9996
2 87878  99.2211 169.8031 0043682  80.7961 279.8156 14.29409860425211
1 87883U 99025    22143.98932172 +.00001540 +00000+0 +56608-3 0  9999
2 87883  99.2198  40.2742 0298484  65.4656 297.7320 14.12337389388820
1 87884U 99025    22144.63931848 +.00000109 +00000+0 +83121-4 0  9993
2 87884  98.6019 287.6285 0158008 121.9393 239.7251 14.04506837436064
1 87898U 99025    22144.07692126 +.00007283 +00000+0 +25659-2 0  9999
2 87898  98.9112  11.4076 0132614  95.8658 265.7657 14.30273175441908
1 87934U          22143.42082356 +.00000086 +00000+0 +77020-4 0  9996
2 87934  82.9367 179.7013 0032009  49.8419  13.6028 13.72821049426026
1 87942U          22141.40930211 +.00018877 +00000+0 +18799-2 0  9996
2 87942  99.0820 109.5325 0136702 320.3715 191.7401 14.84888383452217
1 87972U 99025    22143.01406345 +.00011684 +00000+0 +39169-2 0  9992
2 87972  98.8072  70.8690 0157591 225.0258 133.8060 14.30628146389636
1 87991U 77065    22141.09942714 +.00001188 +00000+0 +22086-2 0  9992
2 87991  28.6279 300.8790 0926447 201.6455 154.2309 12.29986491362367
1 87998U 99025    22143.34114618 +.00000844 +00000+0 +51779-3 0  9993
2 87998  98.6931 185.5323 0026662 335.0555  24.9325 14.08213489365823
1 89003U          22144.58566117 +.00000268 +00000+0 +10356-3 0  9995
2 89003  74.0480 233.7966 0017038 253.8474 106.0803 14.34775227445286
1 89005U          22144.57276854 +.00003715 +00000+0 +99626-3 0  9999
2 89005  97.9668  56.6440 0221736  24.5042 336.6493 14.35126699347309
1 89029U          22144.06629398 +.00002694 +00000+0 +36753-3 0  9991
2 89029  98.2107   1.2192 0029393 226.8126 133.0628 14.79235216458308
1 89037U          22144.32677111 +.00003147 +00000+0 +18592-2 0  9999
2 89037  98.4384 105.8479 0135938 251.9550 106.6768 14.03930014339649
1 89048U          22144.13083526 +.00037187 +00000+0 +68895-2 0  9993
2 89048  99.0374  38.3405 0019588   5.7707 354.3715 14.65030148448964
1 89067U          22144.38962266 +.00010981 +00000+0 +34181-3 0  9993
2 89067  80.9884 281.6945 0566672 332.8140  24.4381 14.46889139393827
1 89074U          22144.05659806 +.00003093 +00000+0 +36031-2 0  9999
2 89074 100.2838 174.2333 0056869  68.1683 320.5993 13.68855776411149
1 89101U          22144.13401099 +.00000421 +00000+0 +13822-2 0  9993
2 89101 100.3030 115.6430 0148202 128.9140 232.5288 13.03665365385611
1 89123U          22141.23098043 +.00006567 +00000+0 +31028-2 0  9991
2 89123  99.0628 242.1783 0061590  12.0997 348.1640 14.19077838342255
1 89127U          22142.12471518 +.00054586 +00000+0 +46933-2 0  9991
2 89127  74.0643  33.2956 0032807  61.6917 298.7571 14.96708983298677
1 89132U          22144.18546909 +.00004466 +00000+0 +39544-2 0  9994
2 89132  63.4202 104.4654 3062894 320.3611  20.8607  8.73523044210837
1 89135U          22143.80581197 +.00004185 +00000+0 +20052-2 0  9995
2 89135  71.0645 174.6275 0134226  66.2667 295.2470 14.14914882437908
1 89146U          22144.58858819 +.00002571 +00000+0 +63878-3 0  9992
2 89146  98.1857  79.7608 0120059 106.3939 255.0492 14.48331880440176
1 89158U          22140.44384889 +.00060732 +00000+0 +53942-2 0  9990
2 89158  98.8268 204.1066 0076910  97.3123 263.6843 14.93602896297469
1 89161U          22144.32575245 +.00006948 +00000+0 +94460-3 0  9993
2 89161  97.7349 172.8484 0132390  64.6420 296.8430 14.73127137354943
1 89171U          22143.39458973 +.00091218 +00000+0 +53384-2 0  9991
2 89171  99.0097  18.0377 0041075 137.1086 223.3355 15.10712625360250
1 89172U 81053    22144.20395634 +.00008264 +00000+0 +19921-2 0  9992
2 89172  82.0778 320.5768 0414898 191.6801 167.4524 14.11727916416832
1 89177U          22144.28504220 +.00000105 +00000+0 +95822-4 0  9993
2 89177  82.9195 151.5786 0033208 152.0297 208.2652 13.73427727884719
1 89183U          22144.57820568 +.00000617 +00000+0 +60124-3 0  9992
2 89183  99.2071  72.0739 0134286   5.0255 355.2211 13.79335849427877
1 89184U          22144.33921158 +.00005121 +00000+0 +16218-2 0  9993
2 89184  98.4801 341.1598 0019535 152.5615 207.6609 14.40408337303405
1 89195U          22143.96461912 +.00003506 +00000+0 +15140-2 0  9998
2 89195  98.7722 211.3635 0032127  56.7700 303.6552 14.24805855342229
1 89206U          22144.34065144 +.00004952 +00000+0 +20609-2 0  9993
2 89206  98.7033 169.7415 0028033   7.4356 352.7234 14.26572707300450
1 89213U          22144.52458483 +.00000645 +00000+0 +45144-3 0  9990
2 89213  98.8811  63.3582 0234655  75.6977 287.0114 13.89253062272275
1 89218U          22144.42407926 +.00000944 +00000+0 +91079-3 0  9990
2 89218 100.3846 316.0626 0108490 114.9196 246.3273 13.80432009414207
1 89251U          22143.34110482 +.00006329 +00000+0 +49698-2 0  9997
2 89251  62.4897 173.4462 3053281 346.8220   6.7514  8.77993067256605
1 89255U          22143.04936883 +.00001275 +00000+0 +17048-2 0  9998
2 89255  98.6614  76.1961 0361960 148.1500 214.2084 13.37732144321179
1 89261U          22144.39368139 +.00000775 +00000+0 +26220-3 0  9994
2 89261  98.2071 181.2579 0014764 126.0368 234.2191 14.39381830346832
1 89281U          22144.28874697 +.00010032 +00000+0 +27783-2 0  9996
2 89281  99.3253 266.1778 0016947  82.1559 308.2976 14.46748252446513
1 89285U          22144.59587593 +.04081974 +72163-2 +21216-1 0  9993
2 89285  62.8719 286.7003 0297367 120.4199 242.6664 15.39029885216923
1 89304U          22144.22105296 +.00006916 +00000+0 +38483-1 0  9992
2 89304  84.8945  54.9409 2662323 155.2312 359.3494  8.87106639322550
1 89314U          22143.21535944 +.00001558 +00000+0 +33019-2 0  9996
2 89314  19.5107  18.9113 7129299 319.6289   5.1439  2.39868741 56449
1 89327U          22144.15321005 +.00002697 +00000+0 +22979-2 0  9993
2 89327  82.5472 298.9113 0016368 187.8856 172.2051 13.86805573294390
1 89347U          22126.90247260 +.00054024 +00000+0 +81858-2 0  9990
2 89347  86.2731 188.1924 0049016   2.5484 357.5973 14.73062846304711
1 89349U          22144.23711455 +.00000238 +00000+0 +81173-3 0  9999
2 89349  90.2622 337.6151 0033189  76.8448 283.6372 12.95586581310570
1 89379U          22144.52477401 +.00002115 +00000+0 +34152-2 0  9994
2 89379 100.5606  61.5642 0057034  40.1617 320.3708 13.49123136404934
1 89381U          22144.20283218 +.00072583 +00000+0 +90383-2 0  9997
2 89381  98.7330 314.4402 0059505 209.7413 150.0410 14.80860542285812
1 89389U          22144.34447648 +.00011047 +00000+0 +15637-2 0  9996
2 89389  74.0475 117.5093 0076919 138.3371 222.3698 14.75101729350928
1 89391U          22144.36215225 +.00017348 +00000+0 +14697-2 0  9990
2 89391  97.4407 294.6363 0190040  87.8587 274.4377 14.85022722233121
1 89395U          22143.06294059 +.00000099 +00000+0 +15925-2 0  9992
2 89395 102.3252 173.3658 0226699 179.4914 208.0979 12.01195465368672
1 89400U          22135.70173143 -.00029463 +00000+0 -45712+1 0  9994
2 89400  63.1733 251.3371 1951966 101.2335 281.1876  8.12027678    15
1 89403U          22144.27739350 +.00000006 +00000+0 -41503-5 0  9997
2 89403  90.2637 335.9970 0027579  69.3258 106.5649 12.96705662309414
1 89453U          22144.24821597 +.00021662 +00000+0 +13392-2 0  9996
2 89453  97.2991 310.3098 0128358 242.1576 116.6596 15.03157604312457
1 89460U          22144.35690741 +.00001394 +00000+0 +28035-2 0  9991
2 89460 100.2800 284.5181 0060344 145.2472 215.2616 13.35498891259663
1 89483U          22143.82235568 +.00014731 +00000+0 +15340-2 0  9993
2 89483  99.4873 181.1458 0258699  73.6549 289.2929 14.68314187306200
1 89484U          22143.60809678 +.00001120 +00000+0 +10132-1 0  9990
2 89484  85.0268 113.0978 2552141 207.6906 136.1535  8.85619377239229
1 89490U          22143.71193630 +.00008563 +00000+0 +39593-2 0  9994
2 89490  98.3991 113.6352 0132697  79.6058 282.0043 14.16523910295383
1 89492U          22143.98819255 +.00002040 +00000+0 +15119-2 0  9995
2 89492  82.5316  33.7580 0028687  86.6332 273.8115 13.94560360386027
1 89493U          22143.37746230 +.00002468 +00000+0 +14491-2 0  9997
2 89493  99.1160 183.4856 0094336  88.6875 272.5098 14.06847070280722
1 89494U          22139.83734689 +.00002940 +00000+0 +17215-2 0  9991
2 89494  99.1152 179.9100 0095038  98.3846 262.8110 14.06803414280082
1 89496U          22143.15483024 +.00043593 +00000+0 +46563-2 0  9994
2 89496  98.8679 214.4451 0083657 173.5368 186.6944 14.86056093286868